1234 1453 1323 4355
4548 4746 6285 2621
1234 1453 1323 4355
4548 4746 6285 2621
4548 4746 6285 2621
4548 4746 6285 2622
4345 2722 3233 4748
4345 2722 3233 4749
8567 5746 2823 3837
9567 5746 2823 3837
8426 4053 1064 9983
9426 4053 1064 9983
5928 0417 7072 6828
5928 0417 7072 7828
5696 3959 5931 5237
5696 3959 5931 5247
4567 5989 3783 0834
4567 5989 3783 0844
3999 9556 1350 3939
3999 9556 1350 4039
6504 0474 5437 0676
6504 0474 5437 5676
1140 6778 8638 5305
1140 6778 8638 5315
6210 9393 4093 4977
6210 9393 4093 4997
2778 3746 6932 5305
2778 3746 6932 0305
2656 2575 7936 7623
2656 2575 7936 1623
1612 6464 1334 1270
5615 6937 3648 5549
5615 6937 3648 1549
8567 5746 2823 3837